361
318
321
319
265
313
331
278
325
295
287
358
306
342
280
309
294
342
331
322
335
306
332
297
286
313
310
285
332
322
331
339
335
331
266
297
283
279
282
274
299
336
329
320
276
326
306
297
291
354
312
329
329
284
313
283
315
341
330
349
334
337
316
290
373
365
351
350
289
317
326
303
356
323
312
395
351
351
328
322
314
354
374
320
329
314
331
309
311
333
324
330
317
333
342
345
332
357
293
295
308
322
323
300
320
353
324
329
313
326
329
324
291
355
329
340
362
300
341
324
348
365
336
335
370
326
355
345
333
317
305
306
241
276
289
244
323
279
264
326
298
308
284
267
271
316
305
281
295
272
309
306
291
301
283
285
279
292
317
304
289
300
251
283
254
257
299
274
275
319
308
307
264
291
280
274
272
341
289
311
307
268
279
257
283
296
271
328
318
301
309
286
317
330
307
313
250
263
280
275
301
283
266
303
297
324
276
273
281
313
320
282
287
281
306
277
261
278
270
294
289
307
291
280
309
300
241
272
266
270
310
273
286
282
294
292
285
269
306
284
259
321
288
284
308
256
281
269
303
304
304
310
327
285
305
303
330
317
317
333
251
287
299
279
333
289
268
337
305
323
277
267
263
314
349
295
292
271
311
285
272
302
299
299
288
279
305
306
303
298
236
255
293
270
307
284
282
311
288
316
271
296
295
285
285
329
326
308
333
248
297
284
315
300
305
328
322
306
324
282
348
300
322
329
255
317
305
275
308
290
277
362
312
337
278
289
282
339
330
314
307
292
308
287
296
294
287
288
296
309
313
338
308
310
260
274
263
286
299
262
297
338
294
307
254
289
285
294
265
322
316
302
338
267
299
286
325
321
309
306
325
305
338
293
339
324
266
305
254
270
288
273
302
249
261
326
307
321
264
287
290
327
295
270
320
270
308
270
275
277
252
275
270
325
294
291
303
305
232
253
260
243
275
282
279
317
267
280
243
277
272
255
275
301
290
287
290
268
286
277
280
323
288
316
323
288
300
284
276
274
296
264
217
251
288
213
286
254
255
279
256
271
272
232
234
277
266
244
241
246
267
251
234
266
263
254
244
273
284
263
253
278
242
244
228
254
267
227
263
291
274
274
245
252
262
252
247
294
271
272
287
226
273
236
267
267
258
264
301
269
272
273
326
323
275
315
259
269
286
255
304
276
248
322
308
320
296
281
267
328
305
286
295
275
328
279
264
272
271
261
267
288
287
277
285
308
235
268
278
267
298
271
300
303
282
294
240
273
282
264
291
309
299
282
315
248
288
284
287
311
298
309
308
293
296
309
308
276
274
296
235
239
289
231
286
277
247
315
273
302
262
251
236
284
309
277
270
252
285
260
246
275
279
253
280
278
291
275
271
284
230
257
260
233
272
237
265
282
288
286
250
294
262
240
240
293
266
284
314
234
273
248
299
293
270
283
300
280
284
264
313
308
309
315
246
289
294
254
306
268
274
330
294
325
286
272
265
302
304
257
292
280
295
283
268
284
279
296
255
313
293
302
284
325
262
266
263
271
303
282
297
328
283
301
257
263
281
279
275
325
324
283
313
274
314
279
277
300
298
313
314
289
314
298
320
299
282
319
273
276
310
271
316
285
252
334
294
325
273
255
260
317
328
296
307
272
310
272
251
277
295
262
279
284
297
302
288
301
230
262
290
254
296
259
290
304
290
294
231
288
293
279
289
314
307
291
332
247
294
278
302
298
300
309
307
302
300
266
322
297
313
311
249
299
307
264
322
288
269
335
287
322
277
264
260
329
314
286
310
285
297
291
281
293
283
275
286
300
300
313
320
319
251
261
263
272
291
273
276
321
298
304
255
284
293
274
285
326
301
317
313
256
279
275
292
309
279
313
329
305
303
278
296
293
301
297
212
266
283
248
300
267
243
292
265
319
253
268
263
304
288
268
274
269
297
260
231
283
264
268
275
256
283
283
285
273
228
251
231
255
277
243
262
290
285
275
260
264
283
279
253
293
281
267
300
235
275
253
278
289
274
304
291
283
281
264
342
316
300
332
258
271
320
269
314
293
262
331
321
355
278
283
278
337
326
295
308
264
330
296
280
307
293
278
284
314
310
309
312
301
238
269
287
260
319
291
321
316
315
297
262
300
293
254
291
318
313
295
330
247
290
277
325
310
301
327
326
294
303
296
340
344
323
350
258
295
318
266
336
295
268
345
319
355
281
309
296
349
330
302
318
287
330
291
284
323
305
304
303
312
327
319
325
322
247
279
278
275
337
292
309
327
326
315
293
306
301
301
279
340
310
303
336
272
296
294
329
342
286
335
344
306
310
304
328
302
297
296
249
252
291
258
287
277
264
322
281
312
267
275
263
321
302
279
299
270
301
288
248
271
262
272
296
294
298
293
272
274
222
267
241
264
272
239
269
297
286
282
256
269
286
283
254
311
260
266
301
251
270
270
299
300
299
289
323
285
302
278
365
360
335
330
261
302
341
301
331
305
296
331
327
349
288
303
306
359
361
338
312
297
341
309
275
318
300
314
319
336
334
345
328
317
266
297
303
309
316
320
326
329
322
355
323
332
325
291
289
354
322
336
355
287
328
292
336
352
345
349
351
341
341
308
294
261
264
292
214
231
256
220
253
268
212
304
247
287
244
255
227
291
287
261
268
253
273
274
230
264
261
252
276
251
266
276
260
262
222
250
238
217
259
204
254
276
294
265
219
262
256
236
233
283
244
267
281
207
254
233
279
270
253
269
288
277
262
264
366
336
339
347
269
307
341
273
325
302
281
362
308
346
291
321
295
363
344
318
325
314
341
300
271
322
311
323
324
324
343
357
323
341
274
294
291
284
323
275
323
360
340
334
290
329
307
309
288
355
315
330
355
279
328
292
337
350
316
337
353
340
328
310
366
341
339
358
255
311
338
292
350
315
281
369
322
348
300
307
291
344
360
318
342
306
346
276
273
333
330
317
332
335
316
341
353
358
286
304
307
279
322
273
303
349
347
332
277
317
311
315
279
369
341
354
343
294
328
279
330
343
325
338
344
322
317
304
324
333
318
318
264
260
308
282
327
300
270
318
294
319
286
267
267
338
329
300
316
286
302
300
253
294
286
284
297
297
313
298
311
299
242
267
278
280
305
249
284
310
306
308
264
297
319
284
301
339
293
308
299
235
283
288
320
313
307
305
346
311
304
305
308
295
261
286
202
248
278
222
287
240
245
295
270
274
275
258
247
285
281
246
256
227
299
241
238
275
249
250
240
270
279
242
241
260
213
233
246
236
267
239
268
286
248
264
228
247
234
232
243
271
279
275
294
227
278
244
272
277
261
276
289
264
262
274
347
337
328
350
278
315
332
290
358
308
292
370
327
348
298
290
303
350
348
317
331
289
329
299
312
316
306
305
300
328
334
334
330
323
257
272
285
281
336
293
305
338
313
316
268
305
302
309
284
339
328
319
346
277
297
299
343
335
300
326
348
307
341
299
320
326
328
343
290
273
316
272
323
313
280
361
314
340
332
287
268
332
355
303
313
295
333
322
282
293
310
318
315
315
326
308
311
344
262
284
310
275
340
283
303
333
331
324
273
312
316
291
283
326
320
306
350
259
289
310
323
335
318
322
357
320
336
325
288
300
262
300
228
243
262
232
273
266
236
282
263
288
263
247
244
287
289
276
255
249
287
262
243
254
262
251
258
269
282
259
261
265
215
255
249
242
287
229
276
264
272
282
242
262
264
245
252
292
269
264
297
219
265
251
288
275
274
274
295
283
284
283
367
345
327
318
275
299
335
305
347
304
297
366
313
354
297
308
301
359
345
332
360
300
340
329
282
320
301
291
338
319
345
331
330
311
247
289
285
295
286
273
300
341
317
319
282
326
322
301
304
354
311
320
342
290
317
310
318
346
341
357
357
357
319
300
343
329
326
366
259
317
307
261
325
295
262
361
321
342
290
313
278
341
346
311
331
319
335
283
297
318
313
298
316
318
323
329
331
338
255
291
294
276
334
273
300
339
323
313
262
307
293
295
300
336
327
333
344
258
304
295
327
343
295
334
347
336
323
309
309
319
293
304
249
264
297
256
298
266
260
321
298
319
268
276
278
310
316
286
302
272
317
287
263
272
273
295
280
308
302
311
299
302
242
267
263
264
300
281
289
308
303
304
261
299
283
279
246
313
296
276
315
258
268
264
288
319
309
306
307
294
315
279
332
330
324
320
256
270
309
271
328
291
278
314
295
342
284
285
276
339
331
289
309
310
320
291
263
288
274
300
296
317
307
302
334
329
260
273
265
280
317
285
284
318
310
312
287
304
314
282
279
340
298
314
327
257
282
272
302
327
304
328
337
307
325
305
291
289
294
278
210
262
252
241
283
251
239
285
283
289
261
253
249
279
286
253
246
257
289
245
257
271
253
278
265
268
264
269
300
293
239
241
243
247
267
263
258
284
268
273
270
257
265
244
242
285
283
281
299
239
270
239
258
278
264
299
301
280
281
277
309
290
303
298
244
273
282
245
306
286
254
326
273
302
274
259
258
301
297
280
269
268
267
286
275
290
294
278
289
281
298
286
296
305
257
267
260
248
276
242
261
293
308
300
267
283
282
275
250
325
271
299
295
252
284
261
294
296
259
304
321
287
290
294
